47039
36507
48900
20176
27912
12708
24537
19411
40531
57289
45684
17385
39967
41516
8170
58870
8772
49500
26501
3645
51682
36390
33260
41597
8695
36328
8739
44558
33090
5257
58513
60954
50723
8993
48728
17809
32024
43487
33698
16360
55801
45542
53541
49065
46048
8446
28600
46195
15743
43427
32549
41337
35984
32194
41734
25637
34835
46697
53372
63629
30717
20055
43384
33028
63066
34167
61651
3474
17354
34781
11649
8668
11274
2087
6532
49646
31973
60298
48710
33601
10067
14702
56099
17584
8434
51592
20241
28927
218
65125
6919
6553
44869
36652
17212
31969
47234
38533
24713
17226
25404
61019
21740
41455
23675
13453
64782
49104
791
37922
18527
62855
19804
50509
12586
27917
14244
21730
10398
4596
16173
40372
45145
55504
53859
27800
48594
63577
56500
50658
52254
30348
49392
61976
2199
16936
40806
56114
7836
13048
44500
58437
53503
40052
33742
3932
50139
25628
30741
18598
49966
45506
48972
40762
4194
41611
48160
43745
9908
55626
33152
14282
15061
11979
41447
60646
63770
7354
6338
9332
40366
9257
1351
49139
5945
26592
34417
52658
3417
57478
55071
20136
11357
65508
44304
926
15940
46808
18080
39125
20813
45551
51044
52238
23957
14426
56250
49598
41122
33631
50456
61486
52916
7872
11458
6656
35110
4078
32410
20949
30419
10202
17059
65098
21009
11376
28454
9466
7952
384
4155
48286
6237
55038
51529
34308
15603
47792
39608
37327
34709
63424
18247
35300
57433
3379
37402
31072
46028
63410
3620
53547
40203
14663
8738
64012
50588
48379
22344
56203
1436
6922
46423
20883
40041
11980
23036
54654
46147
38823
15612
25234
9791
64726
6965
24059
60876
32407
20991
36736
61448
2251
24429
52845
41443
33124
11349
15908
23533
31353
63353
58215
60229
62136
65348
5898
65314
14703
1703
16569
14744
37826
49797
13530
58236
16714
44429
12260
65035
54561
53590
24468
52347
2062
47690
9239
2790
38639
4557
8202
10935
63521
39995
810
54714
41361
34836
61482
7120
53727
56909
61261
29398
51051
21080
3307
45150
41689
55415
20821
28715
56742
2963
30443
46190
58143
7688
12252
44242
32912
31878
32526
25241
13133
27596
29613
59850
58970
21365
54460
48317
10267
32322
38436
6071
55609
21649
27526
49374
35507
17751
23157
21669
20511
5654
46654
21443
30493
24673
40727
9248
922
58500
42471
34381
52318
43616
2230
43819
51871
56461
37633
52635
29764
58277
17512
41177
33070
41348
47101
57727
8930
13183
58132
13215
47401
22656
11269
14298
20537
20858
23614
23188
31697
47472
23881
32461
22686
41817
39591
59715
61618
6352
57980
2802
58057
33245
37237
17349
54524
17874
6984
59903
58536
9200
48343
49203
19595
64017
32714
11645
57955
25817
7507
39358
48166
24875
44915
3201
19743
46980
12599
55541
2733
61407
18383
44681
14719
7695
43983
48120
56645
23431
19473
52474
65505
59920
11886
63677
8372
1025
28277
56267
47842
24416
4950
43662
30844
35696
56513
5478
674
4177
28443
56168
64116
43104
18818
39120
46538
61339
51472
24818
62431
30768
52174
50328
7016
41319
44996
13348
21309
47319
55206
7198
11006
35402
15030
33237
47211
23143
323
20537
21106
30732
48832
29140
6841
51668
30172
30537
41918
34195
30427
2364
27412
12280
5322
7222
61046
2134
42802
39970
38512
41162
56321
36602
60317
60195
52422
63957
54016
57412
60232
52387
19535
55066
49146
56906
12537
62329
47540
26610
11836
61753
19661
14963
64997
11713
14655
5905
13062
49107
42930
38033
42947
51985
35969
60916
14823
191
21038
6344
29570
29150
41717
55391
34119
54831
30387
61821
34950
10269
34881
39345
59419
46453
32627
9808
35148
24639
29538
29680
28980
61473
45071
36786
12126
50248
43725
39581
60648
34105
54874
25708
10031
20044
8919
49511
32671
9613
47778
34192
46721
3834
21484
27069
36420
64340
54328
62646
36478
48145
9849
3530
9125
53900
60183
53114
34974
49601
64136
60011
1073
46315
48111
49802
62466
7033
49521
62750
43953
59707
26619
9691
34529
43411
55333
32263
33496
35706
30296
55995
65069
4824
53483
6519
46304
40996
28878
37848
62357
33251
41889
44964
12155
39527
45629
26245
30836
47047
52178
64633
33230
51773
53534
25529
37490
65162
46130
23715
33106
3237
11474
32430
52426
32601
28500
32851
54715
25971
34976
13829
44938
24963
9642
32584
53065
57202
19376
19422
5183
57505
53542
54567
13603
11474
61776
22609
64985
14715
55042
56
2980
1825
29019
10534
53190
59022
53394
55277
44210
15162
60564
45255
32384
9787
23588
13306
61064
41726
46402
48578
39453
11800
8005
10177
32665
2989
57445
54109
57751
49113
15358
59744
4193
11587
59471
17161
25558
3525
23262
30384
24145
25644
36219
5568
4532
64970
5078
11755
46389
54307
3822
27540
2700
58239
61514
56045
1718
63533
1912
46840
56071
47810
30943
11550
18903
26854
47523
41112
23604
50620
49625
9609
28306
53155
22564
28600
57123
12904
45339
53190
54267
37404
58655
35445
55187
5377
51489
33677
55681
49049
38554
103
18020
38368
40058
60
54838
11746
19160
6519
47839
43700
11679
61080
31553
33121
31630
37345
57349
5157
26426
47251
26840
4412
19240
33742
12668
41535
35101
12774
34659
13657
48005
64994
41416
62270
56982
16318
34994
37253
55788
60855
45536
63889
21212
35027
53085
24131
45083
21547
47190
38718
32943
15017
56508
34029
5806
45277
56478
34279
43652
7116
20488
41520
6476
12638
39217
37923
41150
30280
29601
42770
31051
30693
28045
63987
64471
57526
20345
56833
65471
48261
51030
10107
14470
36757
14893
36519
48162
41787
4124
64079
13351
41931
60484
22648
274
24663
15232
46829
16400
56969
11169
41269
60613
44042
10181
32076
33422
15849
16161
8675
36660
38186
41226
12424
42150
18690
31978
45546
19502
31338
56742
62223
56304
15698
28659
60760
60343
20636
55421
27117
14356
58020
17338
14466
59258
58304
1081
62209
48062
34281
24376
61568
59437
61422
28860
56141
12585
32422
23178
19771
4646
50779
41531
27548
55928
44506
50393
38658
46219
45590
2008
21306
5767
39066
33404
55019
10961
30517
13738
37246
54012
7096
58718
5748
17542
5763
50307
32843
11433
14633
1057
38938
21377
30459
65519
2784
61331
11028
16008
12266
5378
46485
22828
28051
49205
48056
20517
2109
1642
41783
60458
5201
38852
56449
52303
